!    Reactants                    Products                                                  A          B          C       xxxxxxxxxxxxxxxxxxxxx  ITYPE Tmin   Tmax formula ID xxxxx
JH         JCO                    JHCO                                                     1.000e+00  0.000e+00  0.000e+00 0.00e+00 0.00e+00   NA 14  -9999   9999  0  7345 1  1
JH         JCO                    HCO                                                      1.000e+00  0.000e+00  0.000e+00 0.00e+00 0.00e+00   NA 14  -9999   9999  0  7346 1  1
JH         JH                     JH2                                                      1.000e+00  0.000e+00  0.000e+00 0.00e+00 0.00e+00   NA 14  -9999   9999  0  7351 1  1
JH         JH                     H2                                                       1.000e+00  0.000e+00  0.000e+00 0.00e+00 0.00e+00   NA 14  -9999   9999  0  7352 1  1
JH         JHCO                   JH2CO                                                    1.000e+00  0.000e+00  0.000e+00 0.00e+00 0.00e+00   NA 14  -9999   9999  0  7361 1  1
JH         JHCO                   H2CO                                                     1.000e+00  0.000e+00  0.000e+00 0.00e+00 0.00e+00   NA 14  -9999   9999  0  7362 1  1
JH         JO                     JOH                                                      1.000e+00  0.000e+00  0.000e+00 0.00e+00 0.00e+00   NA 14  -9999   9999  0  7383 1  1
JH         JO                     OH                                                       1.000e+00  0.000e+00  0.000e+00 0.00e+00 0.00e+00   NA 14  -9999   9999  0  7384 1  1
JH         JOH                    JH2O                                                     1.000e+00  0.000e+00  0.000e+00 0.00e+00 0.00e+00   NA 14  -9999   9999  0  7395 1  1
JH         JOH                    H2O                                                      1.000e+00  0.000e+00  0.000e+00 0.00e+00 0.00e+00   NA 14  -9999   9999  0  7396 1  1
JH2        JOH                    JH2O       JH                                            1.000e+00  0.000e+00  0.000e+00 0.00e+00 0.00e+00   NA 14  -9999   9999  0  7455 1  1
JH2        JOH                    H2O        H                                             1.000e+00  0.000e+00  0.000e+00 0.00e+00 0.00e+00   NA 14  -9999   9999  0  7456 1  1
JO         JHCO                   JCO        JOH                                           1.000e+00  0.000e+00  0.000e+00 0.00e+00 0.00e+00   NA 14  -9999   9999  0  7525 1  1
JO         JHCO                   CO         OH                                            1.000e+00  0.000e+00  0.000e+00 0.00e+00 0.00e+00   NA 14  -9999   9999  0  7526 1  1
JOH        JH2CO                  JHCO       JH2O                                          1.000e+00  0.000e+00  0.000e+00 0.00e+00 0.00e+00   NA 14  -9999   9999  0  7553 1  1
JOH        JH2CO                  HCO        H2O                                           1.000e+00  0.000e+00  0.000e+00 0.00e+00 0.00e+00   NA 14  -9999   9999  0  7554 1  1
JH         JCH2OH                 JCH3OH                                                   1.000E+00  0.000E+00  0.000E+00 0.00e+00 0.00e+00   NA 14  -9999   9999  0  7577 1  1
JH         JCH2OH                 CH3OH                                                    1.000E+00  0.000E+00  0.000E+00 0.00e+00 0.00e+00   NA 14  -9999   9999  0  7578 1  1
JH         JCH3O                  JCH3OH                                                   1.000E+00  0.000E+00  0.000E+00 0.00e+00 0.00e+00   NA 14  -9999   9999  0  7579 1  1
JH         JCH3O                  CH3OH                                                    1.000E+00  0.000E+00  0.000E+00 0.00e+00 0.00e+00   NA 14  -9999   9999  0  7580 1  1
JH         JH2CO                  JCH2OH                                                   1.000E+00  0.000E+00  0.000E+00 0.00e+00 0.00e+00   NA 14  -9999   9999  0  7581 1  1
JH         JH2CO                  JCH3O                                                    1.000E+00  0.000E+00  0.000E+00 0.00e+00 0.00e+00   NA 14  -9999   9999  0  7583 1  1
JH         JH2CO                  JHCO       JH2                                           1.000E+00  0.000E+00  0.000E+00 0.00e+00 0.00e+00   NA 14  -9999   9999  0  7585 1  1
JH         JH2CO                  HCO        H2                                            1.000E+00  0.000E+00  0.000E+00 0.00e+00 0.00e+00   NA 14  -9999   9999  0  7586 1  1
JH2        JH2                    JH2        H2                                            1.000e+00  0.000e+00  0.000e+00 0.00e+00 0.00e+00   NA 14  -9999   9999  0  7693 1  1
JCH3OH                            CH3OH                                                    1.000e+00  0.000e+00  0.000e+00 0.00e+00 0.00e+00   NA 15  -9999   9999  0  7767 1  1
JCO                               CO                                                       1.000e+00  0.000e+00  0.000e+00 0.00e+00 0.00e+00   NA 15  -9999   9999  0  7773 1  1
JH                                H                                                        1.000e+00  0.000e+00  0.000e+00 0.00e+00 0.00e+00   NA 15  -9999   9999  0  7779 1  1
JH2                               H2                                                       1.000e+00  0.000e+00  0.000e+00 0.00e+00 0.00e+00   NA 15  -9999   9999  0  7780 1  1
JH2CO                             H2CO                                                     1.000e+00  0.000e+00  0.000e+00 0.00e+00 0.00e+00   NA 15  -9999   9999  0  7782 1  1
JH2O                              H2O                                                      1.000e+00  0.000e+00  0.000e+00 0.00e+00 0.00e+00   NA 15  -9999   9999  0  7784 1  1
JHCO                              HCO                                                      1.000e+00  0.000e+00  0.000e+00 0.00e+00 0.00e+00   NA 15  -9999   9999  0  7798 1  1
JO                                O                                                        1.000e+00  0.000e+00  0.000e+00 0.00e+00 0.00e+00   NA 15  -9999   9999  0  7830 1  1
JOH                               OH                                                       1.000e+00  0.000e+00  0.000e+00 0.00e+00 0.00e+00   NA 15  -9999   9999  0  7836 1  1
JCH3OH                            CH3OH                                                    1.000e+00  0.000e+00  0.000e+00 0.00e+00 0.00e+00   NA 16  -9999   9999  0  7992 1  1
JCO                               CO                                                       1.000e+00  0.000e+00  0.000e+00 0.00e+00 0.00e+00   NA 16  -9999   9999  0  7998 1  1
JH                                H                                                        1.000e+00  0.000e+00  0.000e+00 0.00e+00 0.00e+00   NA 16  -9999   9999  0  8004 1  1
JH2                               H2                                                       1.000e+00  0.000e+00  0.000e+00 0.00e+00 0.00e+00   NA 16  -9999   9999  0  8005 1  1
JH2CO                             H2CO                                                     1.000e+00  0.000e+00  0.000e+00 0.00e+00 0.00e+00   NA 16  -9999   9999  0  8007 1  1
JH2O                              H2O                                                      1.000e+00  0.000e+00  0.000e+00 0.00e+00 0.00e+00   NA 16  -9999   9999  0  8009 1  1
JHCO                              HCO                                                      1.000e+00  0.000e+00  0.000e+00 0.00e+00 0.00e+00   NA 16  -9999   9999  0  8023 1  1
JO                                O                                                        1.000e+00  0.000e+00  0.000e+00 0.00e+00 0.00e+00   NA 16  -9999   9999  0  8055 1  1
JOH                               OH                                                       1.000e+00  0.000e+00  0.000e+00 0.00e+00 0.00e+00   NA 16  -9999   9999  0  8061 1  1
JCH3OH                            JH2CO      JH2                                           3.170e+03  0.000e+00  0.000e+00 0.00e+00 0.00e+00   NA 17  -9999   9999  0  8229 1  1
JH2CO                             JCO        JH2                                           2.660e+03  0.000e+00  0.000e+00 0.00e+00 0.00e+00   NA 17  -9999   9999  0  8240 1  1
JH2O                              JOH        JH                                            9.700e+02  0.000e+00  0.000e+00 0.00e+00 0.00e+00   NA 17  -9999   9999  0  8242 1  1
JHCO                              JCO        JH                                            4.210e+02  0.000e+00  0.000e+00 0.00e+00 0.00e+00   NA 17  -9999   9999  0  8256 1  1
JOH                               JO         JH                                            5.100e+02  0.000e+00  0.000e+00 0.00e+00 0.00e+00   NA 17  -9999   9999  0  8288 1  1
JCH3OH                            JH2CO      JH         JH                                 3.300e+01  0.000e+00  0.000e+00 0.00e+00 0.00e+00   NA 18  -9999   9999  0  8381 1  1
JCH3OH                            JHCO       JH         JH         JH                      3.300e+01  0.000e+00  0.000e+00 0.00e+00 0.00e+00   NA 18  -9999   9999  0  8382 1  1
JCH3OH                            JCO        JH2        JH         JH                      3.300e+01  0.000e+00  0.000e+00 0.00e+00 0.00e+00   NA 18  -9999   9999  0  8383 1  1
JCH3OH                            JH2CO      JH2                                           7.200e+02  0.000e+00  0.000e+00 0.00e+00 0.00e+00   NA 18  -9999   9999  0  8385 1  1
JHCO                              JCO        JH                                            1.170e+03  0.000e+00  0.000e+00 0.00e+00 0.00e+00   NA 18  -9999   9999  0  8391 1  1
JCH3OH                            JH2CO      JH2                                           7.190e-10  0.000e+00  1.720e+00 0.00e+00 0.00e+00   NA 19  -9999   9999  0  8503 1  1
JH2CO                             JCO        JH2                                           4.400e-10  0.000e+00  1.600e+00 0.00e+00 0.00e+00   NA 19  -9999   9999  0  8518 1  1
JH2CO                             JCO        JH         JH                                 4.400e-10  0.000e+00  1.600e+00 0.00e+00 0.00e+00   NA 19  -9999   9999  0  8519 1  1
JH2O                              JOH        JH                                            3.280e-10  0.000e+00  1.630e+00 0.00e+00 0.00e+00   NA 19  -9999   9999  0  8521 1  1
JHCO                              JH         JCO                                           5.870e-10  0.000e+00  5.300e-01 0.00e+00 0.00e+00   NA 19  -9999   9999  0  8536 1  1
JOH                               JO         JH                                            1.680e-10  0.000e+00  1.660e+00 0.00e+00 0.00e+00   NA 19  -9999   9999  0  8569 1  1
JCH3OH                            JH2CO      JH2                                           2.400e-10  0.000e+00  2.570e+00 0.00e+00 0.00e+00   NA 20  -9999   9999  0  8730 1  1
JH2CO                             JHCO       JH                                            1.330e-11  0.000e+00  2.800e+00 0.00e+00 0.00e+00   NA 20  -9999   9999  0  8737 1  1
JH2CO                             JCO        JH         JH                                 6.670e-11  0.000e+00  2.800e+00 0.00e+00 0.00e+00   NA 20  -9999   9999  0  8738 1  1
JH2O                              JH2        JO                                            1.900e-12  0.000e+00  3.100e+00 0.00e+00 0.00e+00   NA 20  -9999   9999  0  8739 1  1
JH2O                              JOH        JH                                            4.200e-12  0.000e+00  3.100e+00 0.00e+00 0.00e+00   NA 20  -9999   9999  0  8740 1  1
JH2O                              JO         JH         JH                                 1.490e-11  0.000e+00  3.100e+00 0.00e+00 0.00e+00   NA 20  -9999   9999  0  8741 1  1
JHCO                              JCO        JH                                            2.460e-10  0.000e+00  2.110e+00 0.00e+00 0.00e+00   NA 20  -9999   9999  0  8752 1  1
JOH                               JO         JH                                            1.600e-12  0.000e+00  3.100e+00 0.00e+00 0.00e+00   NA 20  -9999   9999  0  8777 1  1
JCH3OH                            CH3OH                                                    1.000E-04  0.000e+00  0.000e+00 0.00e+00 0.00e+00   NA 66  -9999   9999  0  9359 1  1
JCO                               CO                                                       1.000E-04  0.000e+00  0.000e+00 0.00e+00 0.00e+00   NA 66  -9999   9999  0  9365 1  1
JH                                H                                                        1.000E-04  0.000e+00  0.000e+00 0.00e+00 0.00e+00   NA 66  -9999   9999  0  9371 1  1
JH2                               H2                                                       1.000E-04  0.000e+00  0.000e+00 0.00e+00 0.00e+00   NA 66  -9999   9999  0  9372 1  1
JH2CO                             H2CO                                                     1.000E-04  0.000e+00  0.000e+00 0.00e+00 0.00e+00   NA 66  -9999   9999  0  9374 1  1
JH2O                              H2O                                                      1.000E-04  0.000e+00  0.000e+00 0.00e+00 0.00e+00   NA 66  -9999   9999  0  9376 1  1
JHCO                              HCO                                                      1.000E-04  0.000e+00  0.000e+00 0.00e+00 0.00e+00   NA 66  -9999   9999  0  9390 1  1
JO                                O                                                        1.000E-04  0.000e+00  0.000e+00 0.00e+00 0.00e+00   NA 66  -9999   9999  0  9422 1  1
JOH                               OH                                                       1.000E-04  0.000e+00  0.000e+00 0.00e+00 0.00e+00   NA 66  -9999   9999  0  9428 1  1
JCH3OH                            CH3OH                                                    1.000E-04  0.000e+00  0.000e+00 0.00e+00 0.00e+00   NA 67  -9999   9999  0  9584 1  1
JCO                               CO                                                       1.000E-04  0.000e+00  0.000e+00 0.00e+00 0.00e+00   NA 67  -9999   9999  0  9590 1  1
JH                                H                                                        1.000E-04  0.000e+00  0.000e+00 0.00e+00 0.00e+00   NA 67  -9999   9999  0  9596 1  1
JH2                               H2                                                       1.000E-04  0.000e+00  0.000e+00 0.00e+00 0.00e+00   NA 67  -9999   9999  0  9597 1  1
JH2CO                             H2CO                                                     1.000E-04  0.000e+00  0.000e+00 0.00e+00 0.00e+00   NA 67  -9999   9999  0  9599 1  1
JH2O                              H2O                                                      1.000E-04  0.000e+00  0.000e+00 0.00e+00 0.00e+00   NA 67  -9999   9999  0  9601 1  1
JHCO                              HCO                                                      1.000E-04  0.000e+00  0.000e+00 0.00e+00 0.00e+00   NA 67  -9999   9999  0  9615 1  1
JO                                O                                                        1.000E-04  0.000e+00  0.000e+00 0.00e+00 0.00e+00   NA 67  -9999   9999  0  9647 1  1
JOH                               OH                                                       1.000E-04  0.000e+00  0.000e+00 0.00e+00 0.00e+00   NA 67  -9999   9999  0  9653 1  1
JH2O                              OH         H                                             1.000E-04  0.000e+00  0.000e+00 0.00e+00 0.00e+00   NA 67  -9999   9999  0  9714 1  1
CH3OH                             JCH3OH                                                   1.000e+00  0.000e+00  0.000e+00 0.00e+00 0.00e+00   NA 99  -9999   9999  0  9811 1  1
CO                                JCO                                                      1.000e+00  0.000e+00  0.000e+00 0.00e+00 0.00e+00   NA 99  -9999   9999  0  9817 1  1
H                                 JH                                                       1.000e+00  0.000e+00  0.000e+00 0.00e+00 0.00e+00   NA 99  -9999   9999  0  9823 1  1
H2                                JH2                                                      1.000e+00  0.000e+00  0.000e+00 0.00e+00 0.00e+00   NA 99  -9999   9999  0  9824 1  1
H2CO                              JH2CO                                                    1.000e+00  0.000e+00  0.000e+00 0.00e+00 0.00e+00   NA 99  -9999   9999  0  9826 1  1
H2O                               JH2O                                                     1.000e+00  0.000e+00  0.000e+00 0.00e+00 0.00e+00   NA 99  -9999   9999  0  9828 1  1
HCO                               JHCO                                                     1.000e+00  0.000e+00  0.000e+00 0.00e+00 0.00e+00   NA 99  -9999   9999  0  9842 1  1
O                                 JO                                                       1.000e+00  0.000e+00  0.000e+00 0.00e+00 0.00e+00   NA 99  -9999   9999  0  9874 1  1
OH                                JOH                                                      1.000e+00  0.000e+00  0.000e+00 0.00e+00 0.00e+00   NA 99  -9999   9999  0  9880 1  1
JH         JHCO                   JCO        JH2                                           1.000e+00  0.000e+00  0.000e+00 0.00e+00 0.00e+00   NA 14  -9999   9999  0 10899 1  1
JH         JHCO                   CO         H2                                            1.000e+00  0.000e+00  0.000e+00 0.00e+00 0.00e+00   NA 14  -9999   9999  0 10900 1  1
JH         JCH2OH                 JH2CO      JH2                                           1.000E+00  0.000E+00  0.000E+00 0.00e+00 0.00e+00   NA 14  -9999   9999  0 10901 1  1
JH         JCH2OH                 H2CO       H2                                            1.000E+00  0.000E+00  0.000E+00 0.00e+00 0.00e+00   NA 14  -9999   9999  0 10902 1  1
JH         JCH3O                  JH2CO      JH2                                           1.000E+00  0.000E+00  0.000E+00 0.00e+00 0.00e+00   NA 14  -9999   9999  0 10903 1  1
JH         JCH3O                  H2CO       H2                                            1.000E+00  0.000E+00  0.000E+00 0.00e+00 0.00e+00   NA 14  -9999   9999  0 10904 1  1
JH         JCH3OH                 JCH2OH     JH2                                           1.000E+00  0.000E+00  0.000E+00 0.00e+00 0.00e+00   NA 14  -9999   9999  0 10905 1  1
JH         JCH3OH                 JCH3O      JH2                                           1.000E+00  0.000E+00  0.000E+00 0.00e+00 0.00e+00   NA 14  -9999   9999  0 10907 1  1
